1
20
1 4 10 8 12 8 12 9 10 9
2 4 9 8 10 8 10 9 9 9
3 4 8 8 9 8 9 9 8 9
4 7 8 7 11 7 12 7 12 8 10 8 9 8 8 8
5 5 7 7 8 7 8 8 8 9 7 9
6 5 0 7 1 7 7 7 7 9 0 9
7 4 11 6 12 6 12 7 11 7
8 11 1 6 2 6 3 6 4 6 5 6 6 6 11 6 11 7 8 7 7 7 1 7
9 5 6 5 12 5 12 6 11 6 6 6
10 4 6 4 12 4 12 5 6 5
11 5 5 4 6 4 6 5 6 6 5 6
12 5 5 2 12 2 12 4 6 4 5 4
13 4 5 1 12 1 12 2 5 2
14 6 4 1 5 1 5 2 5 4 5 6 4 6
15 5 3 1 4 1 4 6 3 6 3 3
16 4 2 3 3 3 3 6 2 6
17 4 2 1 3 1 3 3 2 3
18 5 1 1 2 1 2 3 2 6 1 6
19 8 1 0 12 0 12 1 5 1 4 1 3 1 2 1 1 1
20 6 0 0 1 0 1 1 1 6 1 7 0 7